-0.8988 -1.5269 -118.5502 -0.3188 0.6277 -1.1887 -53.3406 -1
-0.9945 -1.0334 -206.2672 0 1.0904 -1.0655 -142.3633 1.9791
-0.7445 -1.8789 -133.6512 0 0.4332 -1.8462 -74.6279 1.7696
-0.3954 0.9138 88.2606 0 1.1707 -1.1411 -1.5098 1.3664
-1.6124 0.8212 -277.1776 -0.3012 1.3959 0.5199 -179.5212 2
-1.0321 -1.1033 -161.4226 2.1155 1.1444 -1.1423 -113.0367 1.9528
-0.6027 1.0013 -190.7763 0 0.9279 -0.7702 63.5482 1
-1.7119 -0.1726 -223.5139 2.0417 1.8322 -0.2897 -183.9375 1.9722
-0.5919 1.0025 -197.5829 0 1.2153 -0.743 73.598 2
-0.5906 0.9924 -172.1923 0 1.3726 -0.6924 53.8269 -1
-0.9113 -1.6503 -312.186 -0.0698 0.7631 -1.7108 -250.0465 2.7907
-1.2916 -0.0301 -253.4926 0.2537 1.4219 -0.1505 -206.7198 -0.9853
-1.0597 -1.131 -43.8642 -0.0662 0.4486 0.9326 66.6556 2
-1.0882 -1.1615 -106.2825 2.7803 0.5829 -0.606 -21.2511 -1
-1.0682 -0.9879 -111.8347 -1 0.9572 -0.9506 -63.496 3
-1.0394 -1.0586 -108.0123 2.9852 1.0091 -1.0183 -72.2593 2.9975
-1.5476 -0.847 -40.4793 -1 0.7425 0.9556 -153.2231 2
-1.2379 0.2955 -273.1905 2.1769 1.1736 0.1032 -206.3061 2.0408
-1.7905 -0.7241 -52.9896 2.0131 0.6311 0.9399 -63.7789 2
-0.3901 0.9476 95.7 3 1.5887 -0.9353 -60.9451 1.1804
-1.1912 -0.0677 -263.3403 -0.0432 1.2722 -0.1932 -219.7863 1.9591
-0.3905 0.9407 93.1867 0 2.0918 -0.5226 -119.44 -1
-0.3898 0.942 93.8254 0 2.0551 -0.6213 -103.7407 2.0741
-1.6623 -0.9223 -56.4298 -0.2553 0.4323 0.9046 69.1915 2
-0.8 -1.8692 -111.4681 -1 0.5181 -1.8247 -70.7163 2.1489
-0.9574 -1.1365 -153.4565 -0.9239 0.9813 -1.1408 -93.1159 1.6558
-0.652 1.0004 -188.8781 0 1.5542 -0.6377 37.8392 1.894
-0.6181 -1.9597 -105.5099 2.9924 0.4559 -1.8614 -61.2959 1.9742
-1.3914 -0.8324 -27.4124 0 0.7335 0.9141 -133.3488 2.0086
-1.0819 -1.0437 -123.665 0 0.9351 -1.0337 -75.4466 2.9563
-0.3949 0.9204 91.3744 0 1.9088 -0.8313 -69.1658 1
-0.4957 -2.0224 -95.6402 0 0.4348 -1.892 -72.9365 2.1975