-0.7571 -1.8783 -131.6584 0 0.3888 -1.8405 -72.572 2
-0.7709 -1.9132 -193.7 0 0.517 -1.8882 -128.0333 1.9111
-0.6462 -1.8792 -119.7723 0 0.511 -1.7989 -71.6931 1
-0.3935 0.9285 89.8257 0 1.0664 -1.1371 2.3191 1
-1.5603 0.8359 -280.2097 2.2097 1.303 0.5704 -178.8387 2
-0.8447 -1.2982 -192.7684 2.0621 0.9322 -1.3301 -118.4124 2
-0.6079 0.9995 -190.5 0 0.8829 -0.7738 63.519 1
-1.7414 -0.0808 -233.374 2.0488 1.8583 -0.2099 -192.1138 1.9675
-0.602 0.9946 -193.4702 0 1.1333 -0.7791 62.4437 2
-0.5906 0.9924 -172.1923 0 1.3726 -0.6924 53.8269 -1
-0.9455 -1.5609 -321.6176 -0.0882 0.8101 -1.6201 -259.5 3
-1.171 -0.9643 -86.5375 -0.35 0.7251 -0.1107 -3.75 -1
-1.2797 -1.1153 -43.5 -0.1333 0.4467 0.931 67.5667 2
-1.2486 -0.9262 -135.1759 2.0503 1.3999 -0.9845 -112.8141 1.995
-1.0622 -0.8594 -112.375 -1 0.9706 -0.8195 -61.6719 3
-1.0433 -1.0337 -107.868 2.9873 1.0155 -0.9939 -72.0305 2.9949
-1.732 -0.7355 -47.6813 -1 0.7435 0.937 -150.5165 2
-1.0166 -0.0502 -249.6463 2.0488 1.0963 -0.1857 -207.6341 1.9634
-1.8124 -0.7818 -59.2489 2 0.4462 0.9304 65.8391 2
-0.3908 0.9441 93.506 3 1.9997 -0.7082 -93.7211 1.0637
-0.9377 -1.1607 -197.037 0 1.0351 -1.1874 -129.4383 1.9969
-0.397 0.8893 89.8285 0 1.794 -0.939 -46.4964 1
-0.3894 0.9413 93.8571 0 2.0862 -0.5839 -108.3257 2.08
-1.6683 -0.9185 -58.8069 0 0.4201 0.8886 72.2414 2
-0.6239 -1.9439 -75.538 0 0.3979 -1.9027 -25.7719 2
-1.0896 -1.4286 -107.5179 -1 0.9103 -1.4011 -68.0357 3
-0.634 1.0039 -190.1795 0 1.5571 -0.6394 53.1154 1
-0.744 -1.6918 -111.8 3 0.6042 -1.6166 -65.1913 1
-1.608 -0.9731 -48.1991 0 0.7564 0.965 -186.0487 2
-1.0873 -1.027 -124.4221 0 0.9396 -1.0188 -75.6382 2.9648
-0.3961 0.937 93.3358 0 1.4747 -1.1367 -27.2628 1
-0.6364 -2.1594 -61.8222 0 0.5227 -2.0198 -41.3778 3
-0.9528 -1.2408 -365.4 3 0.9165 -1.3097 -303.8667 3
-1.2961 0.8757 -265.2841 -1 1.2645 0.5651 -210.0455 2
-0.5837 1.0244 -197.2328 0 1.5633 -0.6303 66.0328 2
-1.1222 -0.6528 -237.5354 0 1.2161 -0.7108 -181.752 2.0039
-1.3097 -0.0282 -254.0772 0 1.3889 -0.135 -213.2625 2.0039
-0.8175 -1.5248 -116.8478 2.9855 0.6882 -1.4961 -73.1884 -1
-0.3905 0.9407 93.1867 0 2.0918 -0.5226 -119.44 -1
-1.8123 -0.1015 -226.5248 -0.1683 1.8899 -0.1876 -186.0198 2
-0.786 -1.8484 -112.3776 -1 0.4398 -1.8444 -66.1122 1.7143
-1.0063 -0.9762 -10.5861 -0.0562 0.7246 0.9326 -140.3689 2.0075
-1.1871 -1.0163 -34 3 0.4435 0.8884 45.8333 2
-1.6616 0.8494 -286.0065 -0.0129 1.341 0.5394 -169.1935 2
-0.3932 0.9377 92.1233 0 2.017 -0.7337 -86.5583 1
-1.5054 -0.0647 -232.2766 2 1.6162 -0.1623 -191.4681 -1
-0.5861 -2.1222 -114.875 0 0.492 -1.957 -113.25 3
-0.4466 -1.9918 -105.2568 0 0.423 -1.8587 -84.6314 2
-1.5276 -0.5718 -89.1294 2.4471 0.4119 0.8391 63.0706 -1
-1.2552 -0.0222 -256.7979 -0.0279 1.3908 -0.1483 -209.2439 -1
-0.7526 -1.8289 -135.7383 -0.302 0.5753 -1.7675 -79.9664 -1
-0.3903 0.9474 97.4308 3 1.1889 -1.1614 -29.1308 1.2962
-0.6096 -1.9809 -103.3644 2.9947 0.4482 -1.8733 -59.7465 2.1532
-0.8473 -1.9025 -113.8222 -1 0.6951 -1.7783 -81.5556 3
-1.6582 -0.651 -34.9393 0 0.733 0.88 -105.9504 2.0129
-0.9867 -1.1336 -44.1043 -0.019 0.4497 0.9331 65.9716 2
-0.398 0.8888 84.7155 0 1.2483 -1.1371 -2.5021 2
-1.7514 -0.8655 -55.95 -1 0.4496 0.9342 65.5333 2
-1.2637 -0.1242 -256.6094 -0.0156 1.4156 -0.2373 -198.3594 0.9219
-1.1087 -0.0127 -272.7734 -0.0329 1.1778 -0.156 -228.4544 2.0025
-0.8986 -1.216 -176.7978 -1 0.9951 -1.2571 -111.694 2
-0.7155 0.9766 -182.7791 0 1.5192 -0.6512 14.0602 2
-1.7808 -0.6819 -48.8493 2.0133 0.76 0.9469 -153.9705 2
-1.075 -0.9587 -110.0306 -0.7143 0.9659 -0.8922 -60.8571 1