-0.8988 -1.5269 -118.5502 -0.3188 0.6277 -1.1887 -53.3406 -1
-0.9781 -1.074 -185.1864 -0.332 1.0465 -1.0948 -122.9068 1.8609
-0.6223 -1.9482 -111.3727 -0.0997 0.4344 -1.8698 -72.1942 2.0044
-0.3941 0.9236 92.3817 0 1.6699 -0.9105 -52.399 1.16
-1.2759 0.0982 -266.3157 -0.0025 1.3085 -0.0607 -213.6142 1.9668
-0.6459 -1.9293 -107.4426 2.9924 0.4874 -1.8362 -63.1198 1.6078
-0.5913 0.9955 -182.9435 0 0.9096 -0.7736 63.1855 1.0645
-1.1181 -0.8582 -156.9648 2.4617 1.167 -0.8865 -114.6894 2.381
-0.6319 0.9975 -186.9897 0 1.4733 -0.6617 47.7516 1.9159
-0.587 0.9915 -167.1887 0 1.3708 -0.7017 53.0377 -1
-0.8936 -1.7123 -301.3774 -0.0755 0.7397 -1.7669 -241.1321 2.5283
-1.2712 -0.0875 -240.457 0.4919 1.3877 -0.2022 -194.3952 -0.9866
-1.3823 -0.891 -34.3356 -0.1041 0.6529 0.9185 -78.6655 2.0057
-1.7716 -0.6952 -58.3357 2.0432 0.6228 0.9272 -55.6954 1.7962
-1.0708 -1.0574 -117.1186 -0.5847 0.937 -1.0317 -69.3263 2.9979
-0.3901 0.9476 95.7 3 1.5887 -0.9353 -60.9451 1.1804